-4.784843698143959045e-02 -5.792971327900886536e-02 8.136618137359619141e-02 -1.580764055252075195e-01 2.596076726913452148e-01
-6.437411904335021973e-02 -9.426331520080566406e-02 8.471055328845977783e-02 -1.661876738071441650e-01 1.598682105541229248e-01
-4.717603325843811035e-02 -8.969318121671676636e-02 -5.775892361998558044e-02 -1.971445977687835693e-01 1.067167595028877258e-01
-1.005512773990631104e-01 -1.395050287246704102e-01 6.143803149461746216e-02 -1.705750524997711182e-01 3.260623216629028320e-01
-9.317703545093536377e-02 -1.440025269985198975e-01 -5.683670565485954285e-02 -8.857852965593338013e-02 1.837926208972930908e-01
-1.289532482624053955e-01 -7.224366813898086548e-02 3.973175585269927979e-02 -1.717995405197143555e-01 2.036652415990829468e-01
-1.043983250856399536e-01 -1.895292401313781738e-01 2.119955420494079590e-02 -1.729469597339630127e-01 2.482457458972930908e-01
4.323825985193252563e-02 -4.106174036860466003e-02 9.354341030120849609e-02 -1.724904775619506836e-01 1.206784248352050781e-01
1.584741100668907166e-02 -9.392688423395156860e-02 3.898230940103530884e-02 -1.548013985157012939e-01 1.092194020748138428e-01
-8.030802011489868164e-02 -1.137192845344543457e-01 4.787076264619827271e-02 -2.476854324340820312e-01 1.883509606122970581e-01
-1.451047956943511963e-01 -9.409862756729125977e-02 -1.850276067852973938e-02 -1.708800792694091797e-01 2.000802159309387207e-01
-8.516654372215270996e-03 -1.356775313615798950e-01 6.782560050487518311e-02 -2.247859239578247070e-01 2.135149389505386353e-01
-1.628742814064025879e-01 -1.783231794834136963e-01 -4.938311129808425903e-02 -1.647350192070007324e-01 2.300812751054763794e-01
-7.543578743934631348e-02 -5.577749758958816528e-02 8.824123442173004150e-02 -1.380197107791900635e-01 2.261858284473419189e-01
-1.023160740733146667e-01 -9.468118101358413696e-02 6.902706623077392578e-02 -1.229360178112983704e-01 1.999076902866363525e-01
-1.692416965961456299e-01 -6.925749778747558594e-02 5.928863584995269775e-02 -1.129753664135932922e-01 1.664042621850967407e-01
-7.440550625324249268e-02 -1.196995601058006287e-01 6.724165380001068115e-02 -1.070404127240180969e-01 9.353714436292648315e-02
-1.266202032566070557e-01 -1.232093721628189087e-01 6.894877552986145020e-02 -1.460232138633728027e-01 2.664195597171783447e-01
-5.817188322544097900e-02 -7.289058715105056763e-02 -3.025488182902336121e-02 -1.248220801353454590e-01 1.894798874855041504e-01
-1.529837846755981445e-01 -1.519545614719390869e-01 -1.125762313604354858e-01 -2.028031051158905029e-01 2.026730775833129883e-01
-1.739912331104278564e-01 -9.272591769695281982e-02 3.168437629938125610e-02 -2.254019379615783691e-01 2.396639883518218994e-01
-9.022694826126098633e-02 -1.332243382930755615e-01 -1.139196660369634628e-02 -1.456793248653411865e-01 2.981013357639312744e-01
-1.989459618926048279e-02 -5.774403363466262817e-02 3.983105346560478210e-02 -1.781962215900421143e-01 1.807085573673248291e-01
-5.423671752214431763e-02 -1.220667138695716858e-01 -1.329101528972387314e-02 -1.439324021339416504e-01 2.084943205118179321e-01
-6.001123413443565369e-02 -1.125958263874053955e-01 5.024744197726249695e-02 -1.986503303050994873e-01 8.866519480943679810e-02
-9.904799610376358032e-02 -2.004513591527938843e-01 -3.597591072320938110e-02 -2.360227406024932861e-01 3.064242303371429443e-01
-1.327712386846542358e-01 -1.384899169206619263e-01 7.311347126960754395e-02 -2.410263121128082275e-01 1.840657442808151245e-01
-1.945849508047103882e-02 -9.157431870698928833e-02 1.164335906505584717e-01 -1.756722331047058105e-01 1.772870123386383057e-01
-1.874113082885742188e-01 -1.706490516662597656e-01 -1.179752051830291748e-01 -2.081769704818725586e-01 3.286220729351043701e-01
-1.627961248159408569e-01 -7.887562364339828491e-02 -3.500770032405853271e-02 -1.584177613258361816e-01 1.592711061239242554e-01
-5.502001568675041199e-02 -4.262363910675048828e-02 1.167088896036148071e-01 -8.754014968872070312e-02 1.564628332853317261e-01
-1.165092438459396362e-01 -1.026442199945449829e-01 -1.838995516300201416e-02 -2.288306355476379395e-01 2.324230819940567017e-01
-3.906123340129852295e-02 -1.018688008189201355e-01 3.730797208845615387e-03 -1.716957688331604004e-01 7.279342412948608398e-02
-2.944768592715263367e-02 -1.172842383384704590e-01 -3.129778802394866943e-02 -1.431967616081237793e-01 1.985151618719100952e-01
-2.670033648610115051e-02 -1.222907379269599915e-01 -3.501260653138160706e-02 -2.099562585353851318e-01 1.832370758056640625e-01
-1.287904232740402222e-01 -1.461500376462936401e-01 -3.946302086114883423e-02 -1.625061333179473877e-01 2.478153705596923828e-01
-1.547108888626098633e-01 -1.172813400626182556e-01 1.052909530699253082e-03 -2.654465436935424805e-01 1.276452392339706421e-01
-1.634476333856582642e-01 -1.089827343821525574e-01 6.708909571170806885e-02 -1.959666609764099121e-01 2.510912418365478516e-01
3.788694273680448532e-03 -6.143456790596246719e-03 6.885605305433273315e-02 -1.270333230495452881e-01 7.576274871826171875e-02
-4.799154773354530334e-02 -1.450519561767578125e-01 4.611647129058837891e-02 -2.151127755641937256e-01 2.125212252140045166e-01
-9.123813360929489136e-02 -1.177272871136665344e-01 -1.607889309525489807e-02 -1.722649335861206055e-01 2.025084793567657471e-01
-1.555706858634948730e-01 -1.340522319078445435e-01 -7.307045161724090576e-02 -1.668760478496551514e-01 2.278039753437042236e-01
-9.170737117528915405e-03 -1.148615255951881409e-01 3.522258624434471130e-02 -2.162231504917144775e-01 2.208131104707717896e-01
-1.660651564598083496e-01 -1.577187329530715942e-01 -1.522970199584960938e-01 -2.068113982677459717e-01 3.111860752105712891e-01
-2.013058066368103027e-01 -1.165576130151748657e-01 8.277126587927341461e-03 -1.562099158763885498e-01 2.713612914085388184e-01
-8.443379402160644531e-02 -7.130407262593507767e-03 6.400975584983825684e-02 -9.456134587526321411e-02 1.774437427520751953e-01
-6.374193727970123291e-02 -6.654435396194458008e-02 7.190592586994171143e-02 -1.278793811798095703e-01 2.652519941329956055e-01
-3.543808590620756149e-03 -1.024757772684097290e-01 1.529365126043558121e-02 -1.383705139160156250e-01 1.545523256063461304e-01
-1.327194720506668091e-01 -1.357493996620178223e-01 -2.996305376291275024e-02 -2.011620998382568359e-01 2.471682131290435791e-01
1.879071071743965149e-02 -3.893494978547096252e-02 1.287878900766372681e-01 -1.273814737796783447e-01 1.388264894485473633e-01
-8.443497121334075928e-02 -8.809050917625427246e-02 1.022368967533111572e-01 -8.158843964338302612e-02 1.391493082046508789e-01
-4.674081131815910339e-02 -1.468485891819000244e-01 -2.199422195553779602e-02 -2.200792133808135986e-01 2.325477004051208496e-01
-8.971936255693435669e-02 -8.371052891016006470e-02 1.428768970072269440e-03 -2.032379806041717529e-01 2.507216036319732666e-01
-2.397514879703521729e-02 -1.776774972677230835e-02 3.750036656856536865e-02 -1.174242570996284485e-01 7.404214143753051758e-02
-1.217608079314231873e-01 -2.917224355041980743e-02 4.406622797250747681e-02 -1.250792145729064941e-01 1.569765210151672363e-01
-6.152347475290298462e-02 -1.259257793426513672e-01 1.420601923018693924e-02 -2.001217603683471680e-01 1.515884399414062500e-01
5.575481336563825607e-03 -7.699844241142272949e-02 8.365914225578308105e-02 -1.733435988426208496e-01 1.950413584709167480e-01
-5.605693534016609192e-02 -1.952290982007980347e-01 -1.257041748613119125e-02 -1.830903589725494385e-01 1.867518126964569092e-01
-2.153880894184112549e-02 -1.193796843290328979e-01 9.748600423336029053e-02 -1.926775872707366943e-01 2.173648476600646973e-01
-1.638811081647872925e-02 -7.132524251937866211e-02 5.537104606628417969e-02 -1.226098015904426575e-01 1.174145638942718506e-01
-8.146769553422927856e-02 -1.444244235754013062e-01 3.186576813459396362e-02 -2.504345476627349854e-01 1.358454078435897827e-01
-1.102464795112609863e-01 -1.436183899641036987e-01 3.290162980556488037e-02 -1.735796332359313965e-01 2.506012320518493652e-01
-1.826132833957672119e-01 -8.070072531700134277e-02 -8.902800083160400391e-02 -2.458142042160034180e-01 2.697433233261108398e-01
-1.393972039222717285e-01 -1.572891771793365479e-01 -4.318732023239135742e-02 -1.923063099384307861e-01 1.854487061500549316e-01
-1.071715727448463440e-01 -2.112778089940547943e-02 -9.033653885126113892e-02 -1.550489366054534912e-01 2.244858741760253906e-01
-9.704122692346572876e-02 -1.884577274322509766e-01 1.762070134282112122e-02 -2.436948716640472412e-01 1.826364248991012573e-01
-7.309763133525848389e-02 -1.145262643694877625e-01 3.954391553997993469e-02 -1.665838956832885742e-01 1.334634870290756226e-01
2.873671427369117737e-02 -1.665504574775695801e-01 5.864433944225311279e-02 -1.175762116909027100e-01 1.471049040555953979e-01
-5.843570828437805176e-02 -9.371151775121688843e-02 -1.183089520782232285e-02 -1.862749159336090088e-01 1.647138595581054688e-01
-3.189862892031669617e-02 -1.086016669869422913e-01 1.270647048950195312e-01 -1.202807575464248657e-01 1.147533282637596130e-01
-1.184752583503723145e-01 -6.351003795862197876e-02 -4.907219856977462769e-02 -2.019596397876739502e-01 2.656913399696350098e-01
2.334518730640411377e-02 -1.183753535151481628e-01 4.807134345173835754e-02 -1.518570482730865479e-01 1.399399936199188232e-01
-1.215765327215194702e-01 -1.548684686422348022e-01 1.714737154543399811e-03 -1.897855699062347412e-01 1.332609802484512329e-01
1.539778709411621094e-02 -6.450700759887695312e-02 6.960588693618774414e-02 -1.544480621814727783e-01 1.505235731601715088e-01
-3.423245623707771301e-02 -1.041576787829399109e-01 3.711333870887756348e-02 -1.529177725315093994e-01 2.107784748077392578e-01
-1.243755221366882324e-01 -1.013890951871871948e-01 -8.153575472533702850e-03 -1.605534255504608154e-01 2.634318768978118896e-01
-7.685521245002746582e-02 -3.735711053013801575e-02 -1.183538697659969330e-03 -1.798419058322906494e-01 2.537900805473327637e-01
-6.659488379955291748e-02 -1.518276631832122803e-01 -5.129910074174404144e-03 -1.780138611793518066e-01 2.063319385051727295e-01
5.936384946107864380e-02 -7.397782802581787109e-02 1.313055306673049927e-01 -8.283996582031250000e-02 7.295822352170944214e-02
6.259623914957046509e-02 -3.741624951362609863e-02 -2.201083675026893616e-02 -1.555204689502716064e-01 2.478681877255439758e-02
-2.321271412074565887e-02 -5.803667381405830383e-02 3.891453891992568970e-02 -1.662339866161346436e-01 2.009703963994979858e-01
-1.960077285766601562e-01 -1.336276084184646606e-01 -8.376187086105346680e-02 -2.632262110710144043e-01 2.598336338996887207e-01
-6.105576083064079285e-02 -1.425030529499053955e-01 2.868926152586936951e-02 -2.046933472156524658e-01 2.120433002710342407e-02
-7.939141988754272461e-02 -6.655828654766082764e-02 -4.425226710736751556e-03 -1.416928470134735107e-01 2.270397543907165527e-01
-4.280859977006912231e-02 -1.421763449907302856e-01 4.848449677228927612e-02 -1.591094434261322021e-01 1.662302017211914062e-01
-1.453593745827674866e-02 -1.034068912267684937e-01 1.195460706949234009e-01 -1.197580248117446899e-01 1.451649367809295654e-01
-7.795008271932601929e-02 -6.395626068115234375e-02 9.495849162340164185e-02 -2.072275578975677490e-01 9.604682028293609619e-02
-1.286815404891967773e-01 -1.186626777052879333e-01 3.968637436628341675e-02 -2.550387382507324219e-01 2.760357260704040527e-01
2.319643273949623108e-02 -8.863292634487152100e-02 7.704244554042816162e-02 -1.331458687782287598e-01 1.533626019954681396e-01
-7.647062838077545166e-02 -1.133147552609443665e-01 1.286002341657876968e-02 -1.908711194992065430e-01 2.625081539154052734e-01
4.640895500779151917e-02 -3.279223665595054626e-02 1.269168872386217117e-02 -1.264650523662567139e-01 1.016851663589477539e-01
8.174020797014236450e-03 -5.023375619202852249e-03 1.162360459566116333e-01 -1.196300759911537170e-01 1.687424778938293457e-01
-1.068259328603744507e-01 -7.517398893833160400e-02 -6.428814493119716644e-03 -1.583776473999023438e-01 2.550498545169830322e-01
4.017873108386993408e-02 1.870360784232616425e-02 -2.126934938132762909e-03 -1.545003056526184082e-01 7.647503167390823364e-02
-3.306413441896438599e-02 -4.442223906517028809e-02 8.237271010875701904e-02 -1.299741864204406738e-01 1.229362785816192627e-01
-1.258863508701324463e-01 -1.693951487541198730e-01 1.555209327489137650e-02 -1.492320895195007324e-01 2.280498594045639038e-01
-1.049499735236167908e-01 -1.060916036367416382e-01 -5.587928742170333862e-02 -1.926494836807250977e-01 2.184629589319229126e-01
-2.064942568540573120e-02 -5.865982547402381897e-02 6.375503726303577423e-03 -1.819095313549041748e-01 2.068884372711181641e-01
-1.903691887855529785e-01 -3.982849046587944031e-02 -7.316864281892776489e-02 -2.480342686176300049e-01 1.982904672622680664e-01
-1.151027530431747437e-01 -8.250681310892105103e-02 1.488273311406373978e-02 -1.068382635712623596e-01 2.827886044979095459e-01
4.393858462572097778e-02 -7.406061887741088867e-02 1.386776119470596313e-01 -1.397467404603958130e-01 1.409529149532318115e-01
-1.942790448665618896e-01 -4.524921998381614685e-02 9.155466407537460327e-02 -1.893717646598815918e-01 1.825156807899475098e-01
-8.495398610830307007e-02 -1.808770373463630676e-02 7.603290677070617676e-02 -2.176740169525146484e-01 7.008047401905059814e-02
1.747013628482818604e-02 -1.128619611263275146e-01 2.003372646868228912e-03 -4.900606349110603333e-02 5.647515133023262024e-02
-8.169520646333694458e-02 -4.833461716771125793e-02 7.168237864971160889e-02 -1.284475028514862061e-01 1.991734057664871216e-01
-8.423969149589538574e-03 -1.809613704681396484e-01 -5.450408160686492920e-02 -1.864538788795471191e-01 2.278364747762680054e-01
-1.262381076812744141e-01 -1.559503376483917236e-01 2.037519589066505432e-04 -2.088210880756378174e-01 2.617234587669372559e-01
-1.787887811660766602e-01 -1.381743103265762329e-01 1.402995828539133072e-02 -1.615711748600006104e-01 1.947366446256637573e-01
-4.613610729575157166e-02 -1.064370572566986084e-01 8.456178940832614899e-03 -2.440273165702819824e-01 1.788168698549270630e-01
-9.393577277660369873e-02 -1.668904870748519897e-01 -1.798132061958312988e-02 -1.607244014739990234e-01 2.975009679794311523e-01
1.020357757806777954e-02 -7.312213629484176636e-02 6.246355921030044556e-02 -1.409488022327423096e-01 2.129092812538146973e-01
-1.407261341810226440e-01 -1.400956660509109497e-01 -6.959968060255050659e-02 -1.720470190048217773e-01 2.521038949489593506e-01
-1.077425926923751831e-01 -7.252619415521621704e-02 1.361094508320093155e-02 -1.511349380016326904e-01 3.110290765762329102e-01
-7.382159680128097534e-02 -1.308709233999252319e-01 -3.248965367674827576e-02 -8.308639377355575562e-02 2.024334371089935303e-01
-1.086350083351135254e-01 -1.152044832706451416e-01 3.367983549833297729e-02 -1.698117852210998535e-01 2.237210869789123535e-01
-1.279248148202896118e-01 -1.061552986502647400e-01 3.277658671140670776e-02 -2.524137794971466064e-01 2.105896472930908203e-01
-9.350324422121047974e-02 -1.038288027048110962e-01 -6.003424152731895447e-02 -2.503704428672790527e-01 2.234355211257934570e-01
-5.352516472339630127e-02 -8.361512422561645508e-02 9.167965501546859741e-02 -1.475937664508819580e-01 1.947727948427200317e-01
-1.999189257621765137e-01 -3.355841338634490967e-02 -3.535531833767890930e-02 -9.788826107978820801e-02 2.354907095432281494e-01
-7.982957363128662109e-02 -9.220658242702484131e-02 4.649320989847183228e-02 -1.911578178405761719e-01 1.059795320034027100e-01
3.067503869533538818e-02 -4.609008878469467163e-02 7.287464290857315063e-02 -9.365794807672500610e-02 1.283337473869323730e-01
-1.639419049024581909e-01 -2.032358013093471527e-02 1.723209023475646973e-02 -1.875684559345245361e-01 2.731668949127197266e-01
-2.022365108132362366e-02 -1.484209448099136353e-01 -9.066252969205379486e-03 -1.883867681026458740e-01 2.466911971569061279e-01
-5.131697282195091248e-02 -8.281647413969039917e-02 5.018415302038192749e-02 -2.193459868431091309e-01 2.241272777318954468e-01
4.908155184239149094e-03 -8.471503853797912598e-02 8.666284382343292236e-02 -2.265762686729431152e-01 2.165263593196868896e-01
2.157614752650260925e-02 -3.186987712979316711e-02 1.075626015663146973e-01 -1.233087852597236633e-01 1.807223260402679443e-01
-2.734073996543884277e-02 -3.633092716336250305e-02 -5.389085039496421814e-02 -1.431812345981597900e-01 1.777355372905731201e-01
-1.720816642045974731e-01 -1.282418370246887207e-01 -7.076291739940643311e-02 -2.542838454246520996e-01 1.948473155498504639e-01
-1.101956740021705627e-01 -1.314083933830261230e-01 -1.362923439592123032e-02 -2.122365832328796387e-01 2.596863806247711182e-01
-1.655119806528091431e-01 -1.017830520868301392e-01 -1.023161262273788452e-01 -2.182386219501495361e-01 2.378412485122680664e-01
-1.080972105264663696e-01 -7.207281142473220825e-02 -5.460464581847190857e-02 -1.624200046062469482e-01 2.452760338783264160e-01
-6.781725585460662842e-02 -1.125147342681884766e-01 3.953235596418380737e-02 -2.297569215297698975e-01 1.983862519264221191e-01
2.696457784622907639e-03 -2.446042746305465698e-02 1.539427936077117920e-01 -4.401695355772972107e-02 7.459051907062530518e-02
-8.586388826370239258e-02 -2.378782443702220917e-02 9.000652283430099487e-02 -1.354967653751373291e-01 2.039621174335479736e-01
-1.546735763549804688e-01 -9.006528556346893311e-02 5.744808353483676910e-03 -2.403228282928466797e-01 3.016527295112609863e-01
-3.268436063081026077e-03 -1.624066382646560669e-01 6.751555204391479492e-02 -2.902098596096038818e-01 1.629266738891601562e-01
-6.574553996324539185e-02 -1.075557619333267212e-01 3.505358844995498657e-02 -1.413252651691436768e-01 2.361718714237213135e-01
-2.012516260147094727e-01 -7.596009969711303711e-02 2.278999425470829010e-03 -1.683480739593505859e-01 2.617050409317016602e-01
-1.231764703989028931e-01 -1.179474964737892151e-01 9.856072813272476196e-02 -1.580047309398651123e-01 1.715900003910064697e-01
2.374151349067687988e-02 -8.940134197473526001e-02 6.031166017055511475e-02 -2.111385464668273926e-01 1.457896828651428223e-01
-1.660502254962921143e-01 -9.472612291574478149e-02 -7.585241459310054779e-03 -1.865414977073669434e-01 2.317839711904525757e-01
-1.009256094694137573e-01 -1.419038921594619751e-01 1.885503530502319336e-02 -2.098604142665863037e-01 2.303066104650497437e-01
-1.256503514014184475e-03 -8.714371919631958008e-02 9.256117790937423706e-02 -1.968206465244293213e-01 1.390792708843946457e-02
-3.171106427907943726e-02 -1.672428250312805176e-01 3.595749288797378540e-02 -1.527760624885559082e-01 1.483093500137329102e-01
-2.213299274444580078e-02 -1.396931707859039307e-01 4.705222323536872864e-02 -2.322431206703186035e-01 1.957343816757202148e-01
-1.066045239567756653e-01 -1.033054292201995850e-01 3.423955664038658142e-02 -1.457237899303436279e-01 2.114569246768951416e-01
-5.647148936986923218e-02 -9.659007191658020020e-02 -1.766244694590568542e-02 -1.489189565181732178e-01 2.910591959953308105e-01
1.814082078635692596e-02 -5.065702274441719055e-02 1.488147974014282227e-01 -3.012637048959732056e-02 1.018897742033004761e-01
-1.647831201553344727e-01 -9.297172725200653076e-02 -4.409532994031906128e-02 -1.833734214305877686e-01 2.295740842819213867e-01
4.642937332391738892e-02 -1.582770794630050659e-01 1.099719479680061340e-01 -1.096709817647933960e-01 2.481670305132865906e-02
